(kicad_pcb (version 20171130) (host pcbnew "(5.0.0-3-g5ebb6b6)")

  (general
    (thickness 1.6)
    (drawings 4)
    (tracks 254)
    (zones 0)
    (modules 20)
    (nets 14)
  )

  (page A4)
  (layers
    (0 F.Cu signal)
    (31 B.Cu signal)
    (32 B.Adhes user)
    (33 F.Adhes user)
    (34 B.Paste user)
    (35 F.Paste user)
    (36 B.SilkS user)
    (37 F.SilkS user)
    (38 B.Mask user)
    (39 F.Mask user)
    (40 Dwgs.User user)
    (41 Cmts.User user)
    (42 Eco1.User user)
    (43 Eco2.User user)
    (44 Edge.Cuts user)
    (45 Margin user)
    (46 B.CrtYd user)
    (47 F.CrtYd user)
    (48 B.Fab user)
    (49 F.Fab user)
  )

  (setup
    (last_trace_width 0.4)
    (trace_clearance 0.2)
    (zone_clearance 0.508)
    (zone_45_only no)
    (trace_min 0.2)
    (segment_width 0.2)
    (edge_width 0.15)
    (via_size 0.8)
    (via_drill 0.4)
    (via_min_size 0.4)
    (via_min_drill 0.3)
    (uvia_size 0.3)
    (uvia_drill 0.1)
    (uvias_allowed no)
    (uvia_min_size 0.2)
    (uvia_min_drill 0.1)
    (pcb_text_width 0.3)
    (pcb_text_size 1.5 1.5)
    (mod_edge_width 0.15)
    (mod_text_size 1 1)
    (mod_text_width 0.15)
    (pad_size 3 3)
    (pad_drill 2.8)
    (pad_to_mask_clearance 0.2)
    (aux_axis_origin 0 0)
    (visible_elements FFFFFF7F)
    (pcbplotparams
      (layerselection 0x010fc_ffffffff)
      (usegerberextensions false)
      (usegerberattributes false)
      (usegerberadvancedattributes false)
      (creategerberjobfile false)
      (excludeedgelayer true)
      (linewidth 0.100000)
      (plotframeref false)
      (viasonmask false)
      (mode 1)
      (useauxorigin false)
      (hpglpennumber 1)
      (hpglpenspeed 20)
      (hpglpendiameter 15.000000)
      (psnegative false)
      (psa4output false)
      (plotreference true)
      (plotvalue true)
      (plotinvisibletext false)
      (padsonsilk false)
      (subtractmaskfromsilk false)
      (outputformat 1)
      (mirror false)
      (drillshape 0)
      (scaleselection 1)
      (outputdirectory "Gerber/"))
  )

  (net 0 "")
  (net 1 +3V3)
  (net 2 GND)
  (net 3 "Net-(J1-Pad3)")
  (net 4 "Net-(J1-Pad4)")
  (net 5 "Net-(J1-Pad5)")
  (net 6 "Net-(R1-Pad2)")
  (net 7 "Net-(R2-Pad2)")
  (net 8 "Net-(R3-Pad2)")
  (net 9 "Net-(R4-Pad2)")
  (net 10 "Net-(R5-Pad2)")
  (net 11 "Net-(R6-Pad2)")
  (net 12 "Net-(R7-Pad2)")
  (net 13 "Net-(R8-Pad2)")

  (net_class Default "This is the default net class."
    (clearance 0.2)
    (trace_width 0.4)
    (via_dia 0.8)
    (via_drill 0.4)
    (uvia_dia 0.3)
    (uvia_drill 0.1)
    (add_net +3V3)
    (add_net GND)
    (add_net "Net-(J1-Pad3)")
    (add_net "Net-(J1-Pad4)")
    (add_net "Net-(J1-Pad5)")
    (add_net "Net-(R1-Pad2)")
    (add_net "Net-(R2-Pad2)")
    (add_net "Net-(R3-Pad2)")
    (add_net "Net-(R4-Pad2)")
    (add_net "Net-(R5-Pad2)")
    (add_net "Net-(R6-Pad2)")
    (add_net "Net-(R7-Pad2)")
    (add_net "Net-(R8-Pad2)")
  )

  (module MountingHole:MountingHole_3.2mm_M3 (layer F.Cu) (tedit 5BAD41E8) (tstamp 5BDB6A90)
    (at 80.8 65.95)
    (descr "Mounting Hole 3.2mm, no annular, M3")
    (tags "mounting hole 3.2mm no annular m3")
    (attr virtual)
    (fp_text reference REF** (at 0 -4.2) (layer F.SilkS) hide
      (effects (font (size 1 1) (thickness 0.15)))
    )
    (fp_text value MountingHole_3.2mm_M3 (at 0 4.2) (layer F.Fab)
      (effects (font (size 1 1) (thickness 0.15)))
    )
    (fp_text user %R (at 0.3 0) (layer F.Fab)
      (effects (font (size 1 1) (thickness 0.15)))
    )
    (fp_circle (center 0 0) (end 3.2 0) (layer Cmts.User) (width 0.15))
    (fp_circle (center 0 0) (end 3.45 0) (layer F.CrtYd) (width 0.05))
    (pad "" np_thru_hole circle (at 0 0) (size 3 3) (drill 2.8) (layers *.Cu *.Mask))
  )

  (module Connector_PinHeader_2.00mm:PinHeader_1x05_P2.00mm_Horizontal (layer F.Cu) (tedit 59FED667) (tstamp 5BCF9541)
    (at 209.45 56.25)
    (descr "Through hole angled pin header, 1x05, 2.00mm pitch, 4.2mm pin length, single row")
    (tags "Through hole angled pin header THT 1x05 2.00mm single row")
    (path /5BB0504C)
    (fp_text reference J1 (at 3.1 -2) (layer F.SilkS)
      (effects (font (size 1 1) (thickness 0.15)))
    )
    (fp_text value Conn_01x05 (at 3.1 10) (layer F.Fab)
      (effects (font (size 1 1) (thickness 0.15)))
    )
    (fp_line (start 1.875 -1) (end 3 -1) (layer F.Fab) (width 0.1))
    (fp_line (start 3 -1) (end 3 9) (layer F.Fab) (width 0.1))
    (fp_line (start 3 9) (end 1.5 9) (layer F.Fab) (width 0.1))
    (fp_line (start 1.5 9) (end 1.5 -0.625) (layer F.Fab) (width 0.1))
    (fp_line (start 1.5 -0.625) (end 1.875 -1) (layer F.Fab) (width 0.1))
    (fp_line (start -0.25 -0.25) (end 1.5 -0.25) (layer F.Fab) (width 0.1))
    (fp_line (start -0.25 -0.25) (end -0.25 0.25) (layer F.Fab) (width 0.1))
    (fp_line (start -0.25 0.25) (end 1.5 0.25) (layer F.Fab) (width 0.1))
    (fp_line (start 3 -0.25) (end 7.2 -0.25) (layer F.Fab) (width 0.1))
    (fp_line (start 7.2 -0.25) (end 7.2 0.25) (layer F.Fab) (width 0.1))
    (fp_line (start 3 0.25) (end 7.2 0.25) (layer F.Fab) (width 0.1))
    (fp_line (start -0.25 1.75) (end 1.5 1.75) (layer F.Fab) (width 0.1))
    (fp_line (start -0.25 1.75) (end -0.25 2.25) (layer F.Fab) (width 0.1))
    (fp_line (start -0.25 2.25) (end 1.5 2.25) (layer F.Fab) (width 0.1))
    (fp_line (start 3 1.75) (end 7.2 1.75) (layer F.Fab) (width 0.1))
    (fp_line (start 7.2 1.75) (end 7.2 2.25) (layer F.Fab) (width 0.1))
    (fp_line (start 3 2.25) (end 7.2 2.25) (layer F.Fab) (width 0.1))
    (fp_line (start -0.25 3.75) (end 1.5 3.75) (layer F.Fab) (width 0.1))
    (fp_line (start -0.25 3.75) (end -0.25 4.25) (layer F.Fab) (width 0.1))
    (fp_line (start -0.25 4.25) (end 1.5 4.25) (layer F.Fab) (width 0.1))
    (fp_line (start 3 3.75) (end 7.2 3.75) (layer F.Fab) (width 0.1))
    (fp_line (start 7.2 3.75) (end 7.2 4.25) (layer F.Fab) (width 0.1))
    (fp_line (start 3 4.25) (end 7.2 4.25) (layer F.Fab) (width 0.1))
    (fp_line (start -0.25 5.75) (end 1.5 5.75) (layer F.Fab) (width 0.1))
    (fp_line (start -0.25 5.75) (end -0.25 6.25) (layer F.Fab) (width 0.1))
    (fp_line (start -0.25 6.25) (end 1.5 6.25) (layer F.Fab) (width 0.1))
    (fp_line (start 3 5.75) (end 7.2 5.75) (layer F.Fab) (width 0.1))
    (fp_line (start 7.2 5.75) (end 7.2 6.25) (layer F.Fab) (width 0.1))
    (fp_line (start 3 6.25) (end 7.2 6.25) (layer F.Fab) (width 0.1))
    (fp_line (start -0.25 7.75) (end 1.5 7.75) (layer F.Fab) (width 0.1))
    (fp_line (start -0.25 7.75) (end -0.25 8.25) (layer F.Fab) (width 0.1))
    (fp_line (start -0.25 8.25) (end 1.5 8.25) (layer F.Fab) (width 0.1))
    (fp_line (start 3 7.75) (end 7.2 7.75) (layer F.Fab) (width 0.1))
    (fp_line (start 7.2 7.75) (end 7.2 8.25) (layer F.Fab) (width 0.1))
    (fp_line (start 3 8.25) (end 7.2 8.25) (layer F.Fab) (width 0.1))
    (fp_line (start 1.44 -1.06) (end 1.44 9.06) (layer F.SilkS) (width 0.12))
    (fp_line (start 1.44 9.06) (end 3.06 9.06) (layer F.SilkS) (width 0.12))
    (fp_line (start 3.06 9.06) (end 3.06 -1.06) (layer F.SilkS) (width 0.12))
    (fp_line (start 3.06 -1.06) (end 1.44 -1.06) (layer F.SilkS) (width 0.12))
    (fp_line (start 3.06 -0.31) (end 7.26 -0.31) (layer F.SilkS) (width 0.12))
    (fp_line (start 7.26 -0.31) (end 7.26 0.31) (layer F.SilkS) (width 0.12))
    (fp_line (start 7.26 0.31) (end 3.06 0.31) (layer F.SilkS) (width 0.12))
    (fp_line (start 3.06 -0.25) (end 7.26 -0.25) (layer F.SilkS) (width 0.12))
    (fp_line (start 3.06 -0.13) (end 7.26 -0.13) (layer F.SilkS) (width 0.12))
    (fp_line (start 3.06 -0.01) (end 7.26 -0.01) (layer F.SilkS) (width 0.12))
    (fp_line (start 3.06 0.11) (end 7.26 0.11) (layer F.SilkS) (width 0.12))
    (fp_line (start 3.06 0.23) (end 7.26 0.23) (layer F.SilkS) (width 0.12))
    (fp_line (start 0.935 -0.31) (end 1.44 -0.31) (layer F.SilkS) (width 0.12))
    (fp_line (start 0.935 0.31) (end 1.44 0.31) (layer F.SilkS) (width 0.12))
    (fp_line (start 1.44 1) (end 3.06 1) (layer F.SilkS) (width 0.12))
    (fp_line (start 3.06 1.69) (end 7.26 1.69) (layer F.SilkS) (width 0.12))
    (fp_line (start 7.26 1.69) (end 7.26 2.31) (layer F.SilkS) (width 0.12))
    (fp_line (start 7.26 2.31) (end 3.06 2.31) (layer F.SilkS) (width 0.12))
    (fp_line (start 0.882114 1.69) (end 1.44 1.69) (layer F.SilkS) (width 0.12))
    (fp_line (start 0.882114 2.31) (end 1.44 2.31) (layer F.SilkS) (width 0.12))
    (fp_line (start 1.44 3) (end 3.06 3) (layer F.SilkS) (width 0.12))
    (fp_line (start 3.06 3.69) (end 7.26 3.69) (layer F.SilkS) (width 0.12))
    (fp_line (start 7.26 3.69) (end 7.26 4.31) (layer F.SilkS) (width 0.12))
    (fp_line (start 7.26 4.31) (end 3.06 4.31) (layer F.SilkS) (width 0.12))
    (fp_line (start 0.882114 3.69) (end 1.44 3.69) (layer F.SilkS) (width 0.12))
    (fp_line (start 0.882114 4.31) (end 1.44 4.31) (layer F.SilkS) (width 0.12))
    (fp_line (start 1.44 5) (end 3.06 5) (layer F.SilkS) (width 0.12))
    (fp_line (start 3.06 5.69) (end 7.26 5.69) (layer F.SilkS) (width 0.12))
    (fp_line (start 7.26 5.69) (end 7.26 6.31) (layer F.SilkS) (width 0.12))
    (fp_line (start 7.26 6.31) (end 3.06 6.31) (layer F.SilkS) (width 0.12))
    (fp_line (start 0.882114 5.69) (end 1.44 5.69) (layer F.SilkS) (width 0.12))
    (fp_line (start 0.882114 6.31) (end 1.44 6.31) (layer F.SilkS) (width 0.12))
    (fp_line (start 1.44 7) (end 3.06 7) (layer F.SilkS) (width 0.12))
    (fp_line (start 3.06 7.69) (end 7.26 7.69) (layer F.SilkS) (width 0.12))
    (fp_line (start 7.26 7.69) (end 7.26 8.31) (layer F.SilkS) (width 0.12))
    (fp_line (start 7.26 8.31) (end 3.06 8.31) (layer F.SilkS) (width 0.12))
    (fp_line (start 0.882114 7.69) (end 1.44 7.69) (layer F.SilkS) (width 0.12))
    (fp_line (start 0.882114 8.31) (end 1.44 8.31) (layer F.SilkS) (width 0.12))
    (fp_line (start -1 0) (end -1 -1) (layer F.SilkS) (width 0.12))
    (fp_line (start -1 -1) (end 0 -1) (layer F.SilkS) (width 0.12))
    (fp_line (start -1.5 -1.5) (end -1.5 9.5) (layer F.CrtYd) (width 0.05))
    (fp_line (start -1.5 9.5) (end 7.7 9.5) (layer F.CrtYd) (width 0.05))
    (fp_line (start 7.7 9.5) (end 7.7 -1.5) (layer F.CrtYd) (width 0.05))
    (fp_line (start 7.7 -1.5) (end -1.5 -1.5) (layer F.CrtYd) (width 0.05))
    (fp_text user %R (at 2.25 4 90) (layer F.Fab)
      (effects (font (size 0.9 0.9) (thickness 0.135)))
    )
    (pad 1 thru_hole rect (at 0 0) (size 1.35 1.35) (drill 0.8) (layers *.Cu *.Mask)
      (net 1 +3V3))
    (pad 2 thru_hole oval (at 0 2) (size 1.35 1.35) (drill 0.8) (layers *.Cu *.Mask)
      (net 2 GND))
    (pad 3 thru_hole oval (at 0 4) (size 1.35 1.35) (drill 0.8) (layers *.Cu *.Mask)
      (net 3 "Net-(J1-Pad3)"))
    (pad 4 thru_hole oval (at 0 6) (size 1.35 1.35) (drill 0.8) (layers *.Cu *.Mask)
      (net 4 "Net-(J1-Pad4)"))
    (pad 5 thru_hole oval (at 0 8) (size 1.35 1.35) (drill 0.8) (layers *.Cu *.Mask)
      (net 5 "Net-(J1-Pad5)"))
    (model ${KISYS3DMOD}/Connector_PinHeader_2.00mm.3dshapes/PinHeader_1x05_P2.00mm_Horizontal.wrl
      (at (xyz 0 0 0))
      (scale (xyz 1 1 1))
      (rotate (xyz 0 0 0))
    )
  )

  (module Resistor_SMD:R_0603_1608Metric_Pad1.05x0.95mm_HandSolder (layer F.Cu) (tedit 5B301BBD) (tstamp 5BCF9552)
    (at 79.975 54.6 180)
    (descr "Resistor SMD 0603 (1608 Metric), square (rectangular) end terminal, IPC_7351 nominal with elongated pad for handsoldering. (Body size source: http://www.tortai-tech.com/upload/download/2011102023233369053.pdf), generated with kicad-footprint-generator")
    (tags "resistor handsolder")
    (path /5BAC02E6)
    (attr smd)
    (fp_text reference R1 (at 0 -1.43 180) (layer F.SilkS)
      (effects (font (size 1 1) (thickness 0.15)))
    )
    (fp_text value R_Small (at 0 1.43 180) (layer F.Fab)
      (effects (font (size 1 1) (thickness 0.15)))
    )
    (fp_text user %R (at 0 0 180) (layer F.Fab)
      (effects (font (size 0.4 0.4) (thickness 0.06)))
    )
    (fp_line (start 1.65 0.73) (end -1.65 0.73) (layer F.CrtYd) (width 0.05))
    (fp_line (start 1.65 -0.73) (end 1.65 0.73) (layer F.CrtYd) (width 0.05))
    (fp_line (start -1.65 -0.73) (end 1.65 -0.73) (layer F.CrtYd) (width 0.05))
    (fp_line (start -1.65 0.73) (end -1.65 -0.73) (layer F.CrtYd) (width 0.05))
    (fp_line (start -0.171267 0.51) (end 0.171267 0.51) (layer F.SilkS) (width 0.12))
    (fp_line (start -0.171267 -0.51) (end 0.171267 -0.51) (layer F.SilkS) (width 0.12))
    (fp_line (start 0.8 0.4) (end -0.8 0.4) (layer F.Fab) (width 0.1))
    (fp_line (start 0.8 -0.4) (end 0.8 0.4) (layer F.Fab) (width 0.1))
    (fp_line (start -0.8 -0.4) (end 0.8 -0.4) (layer F.Fab) (width 0.1))
    (fp_line (start -0.8 0.4) (end -0.8 -0.4) (layer F.Fab) (width 0.1))
    (pad 2 smd roundrect (at 0.875 0 180) (size 1.05 0.95) (layers F.Cu F.Paste F.Mask) (roundrect_rratio 0.25)
      (net 6 "Net-(R1-Pad2)"))
    (pad 1 smd roundrect (at -0.875 0 180) (size 1.05 0.95) (layers F.Cu F.Paste F.Mask) (roundrect_rratio 0.25)
      (net 1 +3V3))
    (model ${KISYS3DMOD}/Resistor_SMD.3dshapes/R_0603_1608Metric.wrl
      (at (xyz 0 0 0))
      (scale (xyz 1 1 1))
      (rotate (xyz 0 0 0))
    )
  )

  (module Resistor_SMD:R_0603_1608Metric_Pad1.05x0.95mm_HandSolder (layer F.Cu) (tedit 5B301BBD) (tstamp 5BCF9563)
    (at 98.125 54.6 180)
    (descr "Resistor SMD 0603 (1608 Metric), square (rectangular) end terminal, IPC_7351 nominal with elongated pad for handsoldering. (Body size source: http://www.tortai-tech.com/upload/download/2011102023233369053.pdf), generated with kicad-footprint-generator")
    (tags "resistor handsolder")
    (path /5BAC02A6)
    (attr smd)
    (fp_text reference R2 (at 0 -1.43 180) (layer F.SilkS)
      (effects (font (size 1 1) (thickness 0.15)))
    )
    (fp_text value R_Small (at 0 1.43 180) (layer F.Fab)
      (effects (font (size 1 1) (thickness 0.15)))
    )
    (fp_line (start -0.8 0.4) (end -0.8 -0.4) (layer F.Fab) (width 0.1))
    (fp_line (start -0.8 -0.4) (end 0.8 -0.4) (layer F.Fab) (width 0.1))
    (fp_line (start 0.8 -0.4) (end 0.8 0.4) (layer F.Fab) (width 0.1))
    (fp_line (start 0.8 0.4) (end -0.8 0.4) (layer F.Fab) (width 0.1))
    (fp_line (start -0.171267 -0.51) (end 0.171267 -0.51) (layer F.SilkS) (width 0.12))
    (fp_line (start -0.171267 0.51) (end 0.171267 0.51) (layer F.SilkS) (width 0.12))
    (fp_line (start -1.65 0.73) (end -1.65 -0.73) (layer F.CrtYd) (width 0.05))
    (fp_line (start -1.65 -0.73) (end 1.65 -0.73) (layer F.CrtYd) (width 0.05))
    (fp_line (start 1.65 -0.73) (end 1.65 0.73) (layer F.CrtYd) (width 0.05))
    (fp_line (start 1.65 0.73) (end -1.65 0.73) (layer F.CrtYd) (width 0.05))
    (fp_text user %R (at 0 0 180) (layer F.Fab)
      (effects (font (size 0.4 0.4) (thickness 0.06)))
    )
    (pad 1 smd roundrect (at -0.875 0 180) (size 1.05 0.95) (layers F.Cu F.Paste F.Mask) (roundrect_rratio 0.25)
      (net 1 +3V3))
    (pad 2 smd roundrect (at 0.875 0 180) (size 1.05 0.95) (layers F.Cu F.Paste F.Mask) (roundrect_rratio 0.25)
      (net 7 "Net-(R2-Pad2)"))
    (model ${KISYS3DMOD}/Resistor_SMD.3dshapes/R_0603_1608Metric.wrl
      (at (xyz 0 0 0))
      (scale (xyz 1 1 1))
      (rotate (xyz 0 0 0))
    )
  )

  (module Resistor_SMD:R_0603_1608Metric_Pad1.05x0.95mm_HandSolder (layer F.Cu) (tedit 5B301BBD) (tstamp 5BCF9574)
    (at 117.225 54.8 180)
    (descr "Resistor SMD 0603 (1608 Metric), square (rectangular) end terminal, IPC_7351 nominal with elongated pad for handsoldering. (Body size source: http://www.tortai-tech.com/upload/download/2011102023233369053.pdf), generated with kicad-footprint-generator")
    (tags "resistor handsolder")
    (path /5BAC0246)
    (attr smd)
    (fp_text reference R3 (at 0 -1.43 180) (layer F.SilkS)
      (effects (font (size 1 1) (thickness 0.15)))
    )
    (fp_text value R_Small (at 0 1.43 180) (layer F.Fab)
      (effects (font (size 1 1) (thickness 0.15)))
    )
    (fp_text user %R (at 0 0 180) (layer F.Fab)
      (effects (font (size 0.4 0.4) (thickness 0.06)))
    )
    (fp_line (start 1.65 0.73) (end -1.65 0.73) (layer F.CrtYd) (width 0.05))
    (fp_line (start 1.65 -0.73) (end 1.65 0.73) (layer F.CrtYd) (width 0.05))
    (fp_line (start -1.65 -0.73) (end 1.65 -0.73) (layer F.CrtYd) (width 0.05))
    (fp_line (start -1.65 0.73) (end -1.65 -0.73) (layer F.CrtYd) (width 0.05))
    (fp_line (start -0.171267 0.51) (end 0.171267 0.51) (layer F.SilkS) (width 0.12))
    (fp_line (start -0.171267 -0.51) (end 0.171267 -0.51) (layer F.SilkS) (width 0.12))
    (fp_line (start 0.8 0.4) (end -0.8 0.4) (layer F.Fab) (width 0.1))
    (fp_line (start 0.8 -0.4) (end 0.8 0.4) (layer F.Fab) (width 0.1))
    (fp_line (start -0.8 -0.4) (end 0.8 -0.4) (layer F.Fab) (width 0.1))
    (fp_line (start -0.8 0.4) (end -0.8 -0.4) (layer F.Fab) (width 0.1))
    (pad 2 smd roundrect (at 0.875 0 180) (size 1.05 0.95) (layers F.Cu F.Paste F.Mask) (roundrect_rratio 0.25)
      (net 8 "Net-(R3-Pad2)"))
    (pad 1 smd roundrect (at -0.875 0 180) (size 1.05 0.95) (layers F.Cu F.Paste F.Mask) (roundrect_rratio 0.25)
      (net 1 +3V3))
    (model ${KISYS3DMOD}/Resistor_SMD.3dshapes/R_0603_1608Metric.wrl
      (at (xyz 0 0 0))
      (scale (xyz 1 1 1))
      (rotate (xyz 0 0 0))
    )
  )

  (module Resistor_SMD:R_0603_1608Metric_Pad1.05x0.95mm_HandSolder (layer F.Cu) (tedit 5B301BBD) (tstamp 5BCF9585)
    (at 134.975 54.9 180)
    (descr "Resistor SMD 0603 (1608 Metric), square (rectangular) end terminal, IPC_7351 nominal with elongated pad for handsoldering. (Body size source: http://www.tortai-tech.com/upload/download/2011102023233369053.pdf), generated with kicad-footprint-generator")
    (tags "resistor handsolder")
    (path /5BAC0210)
    (attr smd)
    (fp_text reference R4 (at 0 -1.43 180) (layer F.SilkS)
      (effects (font (size 1 1) (thickness 0.15)))
    )
    (fp_text value R_Small (at 0 1.43 180) (layer F.Fab)
      (effects (font (size 1 1) (thickness 0.15)))
    )
    (fp_line (start -0.8 0.4) (end -0.8 -0.4) (layer F.Fab) (width 0.1))
    (fp_line (start -0.8 -0.4) (end 0.8 -0.4) (layer F.Fab) (width 0.1))
    (fp_line (start 0.8 -0.4) (end 0.8 0.4) (layer F.Fab) (width 0.1))
    (fp_line (start 0.8 0.4) (end -0.8 0.4) (layer F.Fab) (width 0.1))
    (fp_line (start -0.171267 -0.51) (end 0.171267 -0.51) (layer F.SilkS) (width 0.12))
    (fp_line (start -0.171267 0.51) (end 0.171267 0.51) (layer F.SilkS) (width 0.12))
    (fp_line (start -1.65 0.73) (end -1.65 -0.73) (layer F.CrtYd) (width 0.05))
    (fp_line (start -1.65 -0.73) (end 1.65 -0.73) (layer F.CrtYd) (width 0.05))
    (fp_line (start 1.65 -0.73) (end 1.65 0.73) (layer F.CrtYd) (width 0.05))
    (fp_line (start 1.65 0.73) (end -1.65 0.73) (layer F.CrtYd) (width 0.05))
    (fp_text user %R (at 0 0 180) (layer F.Fab)
      (effects (font (size 0.4 0.4) (thickness 0.06)))
    )
    (pad 1 smd roundrect (at -0.875 0 180) (size 1.05 0.95) (layers F.Cu F.Paste F.Mask) (roundrect_rratio 0.25)
      (net 1 +3V3))
    (pad 2 smd roundrect (at 0.875 0 180) (size 1.05 0.95) (layers F.Cu F.Paste F.Mask) (roundrect_rratio 0.25)
      (net 9 "Net-(R4-Pad2)"))
    (model ${KISYS3DMOD}/Resistor_SMD.3dshapes/R_0603_1608Metric.wrl
      (at (xyz 0 0 0))
      (scale (xyz 1 1 1))
      (rotate (xyz 0 0 0))
    )
  )

  (module Resistor_SMD:R_0603_1608Metric_Pad1.05x0.95mm_HandSolder (layer F.Cu) (tedit 5B301BBD) (tstamp 5BCF9596)
    (at 152.925 55.3 180)
    (descr "Resistor SMD 0603 (1608 Metric), square (rectangular) end terminal, IPC_7351 nominal with elongated pad for handsoldering. (Body size source: http://www.tortai-tech.com/upload/download/2011102023233369053.pdf), generated with kicad-footprint-generator")
    (tags "resistor handsolder")
    (path /5BAC01AB)
    (attr smd)
    (fp_text reference R5 (at 0 -1.43 180) (layer F.SilkS)
      (effects (font (size 1 1) (thickness 0.15)))
    )
    (fp_text value R_Small (at 0 1.43 180) (layer F.Fab)
      (effects (font (size 1 1) (thickness 0.15)))
    )
    (fp_text user %R (at 0 0 180) (layer F.Fab)
      (effects (font (size 0.4 0.4) (thickness 0.06)))
    )
    (fp_line (start 1.65 0.73) (end -1.65 0.73) (layer F.CrtYd) (width 0.05))
    (fp_line (start 1.65 -0.73) (end 1.65 0.73) (layer F.CrtYd) (width 0.05))
    (fp_line (start -1.65 -0.73) (end 1.65 -0.73) (layer F.CrtYd) (width 0.05))
    (fp_line (start -1.65 0.73) (end -1.65 -0.73) (layer F.CrtYd) (width 0.05))
    (fp_line (start -0.171267 0.51) (end 0.171267 0.51) (layer F.SilkS) (width 0.12))
    (fp_line (start -0.171267 -0.51) (end 0.171267 -0.51) (layer F.SilkS) (width 0.12))
    (fp_line (start 0.8 0.4) (end -0.8 0.4) (layer F.Fab) (width 0.1))
    (fp_line (start 0.8 -0.4) (end 0.8 0.4) (layer F.Fab) (width 0.1))
    (fp_line (start -0.8 -0.4) (end 0.8 -0.4) (layer F.Fab) (width 0.1))
    (fp_line (start -0.8 0.4) (end -0.8 -0.4) (layer F.Fab) (width 0.1))
    (pad 2 smd roundrect (at 0.875 0 180) (size 1.05 0.95) (layers F.Cu F.Paste F.Mask) (roundrect_rratio 0.25)
      (net 10 "Net-(R5-Pad2)"))
    (pad 1 smd roundrect (at -0.875 0 180) (size 1.05 0.95) (layers F.Cu F.Paste F.Mask) (roundrect_rratio 0.25)
      (net 1 +3V3))
    (model ${KISYS3DMOD}/Resistor_SMD.3dshapes/R_0603_1608Metric.wrl
      (at (xyz 0 0 0))
      (scale (xyz 1 1 1))
      (rotate (xyz 0 0 0))
    )
  )

  (module Resistor_SMD:R_0603_1608Metric_Pad1.05x0.95mm_HandSolder (layer F.Cu) (tedit 5B301BBD) (tstamp 5BCF95A7)
    (at 171.225 54.9 180)
    (descr "Resistor SMD 0603 (1608 Metric), square (rectangular) end terminal, IPC_7351 nominal with elongated pad for handsoldering. (Body size source: http://www.tortai-tech.com/upload/download/2011102023233369053.pdf), generated with kicad-footprint-generator")
    (tags "resistor handsolder")
    (path /5BAC00E8)
    (attr smd)
    (fp_text reference R6 (at 0 -1.43 180) (layer F.SilkS)
      (effects (font (size 1 1) (thickness 0.15)))
    )
    (fp_text value R_Small (at 0 1.43 180) (layer F.Fab)
      (effects (font (size 1 1) (thickness 0.15)))
    )
    (fp_line (start -0.8 0.4) (end -0.8 -0.4) (layer F.Fab) (width 0.1))
    (fp_line (start -0.8 -0.4) (end 0.8 -0.4) (layer F.Fab) (width 0.1))
    (fp_line (start 0.8 -0.4) (end 0.8 0.4) (layer F.Fab) (width 0.1))
    (fp_line (start 0.8 0.4) (end -0.8 0.4) (layer F.Fab) (width 0.1))
    (fp_line (start -0.171267 -0.51) (end 0.171267 -0.51) (layer F.SilkS) (width 0.12))
    (fp_line (start -0.171267 0.51) (end 0.171267 0.51) (layer F.SilkS) (width 0.12))
    (fp_line (start -1.65 0.73) (end -1.65 -0.73) (layer F.CrtYd) (width 0.05))
    (fp_line (start -1.65 -0.73) (end 1.65 -0.73) (layer F.CrtYd) (width 0.05))
    (fp_line (start 1.65 -0.73) (end 1.65 0.73) (layer F.CrtYd) (width 0.05))
    (fp_line (start 1.65 0.73) (end -1.65 0.73) (layer F.CrtYd) (width 0.05))
    (fp_text user %R (at 0 0 180) (layer F.Fab)
      (effects (font (size 0.4 0.4) (thickness 0.06)))
    )
    (pad 1 smd roundrect (at -0.875 0 180) (size 1.05 0.95) (layers F.Cu F.Paste F.Mask) (roundrect_rratio 0.25)
      (net 1 +3V3))
    (pad 2 smd roundrect (at 0.875 0 180) (size 1.05 0.95) (layers F.Cu F.Paste F.Mask) (roundrect_rratio 0.25)
      (net 11 "Net-(R6-Pad2)"))
    (model ${KISYS3DMOD}/Resistor_SMD.3dshapes/R_0603_1608Metric.wrl
      (at (xyz 0 0 0))
      (scale (xyz 1 1 1))
      (rotate (xyz 0 0 0))
    )
  )

  (module Resistor_SMD:R_0603_1608Metric_Pad1.05x0.95mm_HandSolder (layer F.Cu) (tedit 5B301BBD) (tstamp 5BCF95B8)
    (at 189.9 55 180)
    (descr "Resistor SMD 0603 (1608 Metric), square (rectangular) end terminal, IPC_7351 nominal with elongated pad for handsoldering. (Body size source: http://www.tortai-tech.com/upload/download/2011102023233369053.pdf), generated with kicad-footprint-generator")
    (tags "resistor handsolder")
    (path /5BAC0137)
    (attr smd)
    (fp_text reference R7 (at 0 -1.43 180) (layer F.SilkS)
      (effects (font (size 1 1) (thickness 0.15)))
    )
    (fp_text value R_Small (at 0 1.43 180) (layer F.Fab)
      (effects (font (size 1 1) (thickness 0.15)))
    )
    (fp_text user %R (at 0 0 180) (layer F.Fab)
      (effects (font (size 0.4 0.4) (thickness 0.06)))
    )
    (fp_line (start 1.65 0.73) (end -1.65 0.73) (layer F.CrtYd) (width 0.05))
    (fp_line (start 1.65 -0.73) (end 1.65 0.73) (layer F.CrtYd) (width 0.05))
    (fp_line (start -1.65 -0.73) (end 1.65 -0.73) (layer F.CrtYd) (width 0.05))
    (fp_line (start -1.65 0.73) (end -1.65 -0.73) (layer F.CrtYd) (width 0.05))
    (fp_line (start -0.171267 0.51) (end 0.171267 0.51) (layer F.SilkS) (width 0.12))
    (fp_line (start -0.171267 -0.51) (end 0.171267 -0.51) (layer F.SilkS) (width 0.12))
    (fp_line (start 0.8 0.4) (end -0.8 0.4) (layer F.Fab) (width 0.1))
    (fp_line (start 0.8 -0.4) (end 0.8 0.4) (layer F.Fab) (width 0.1))
    (fp_line (start -0.8 -0.4) (end 0.8 -0.4) (layer F.Fab) (width 0.1))
    (fp_line (start -0.8 0.4) (end -0.8 -0.4) (layer F.Fab) (width 0.1))
    (pad 2 smd roundrect (at 0.875 0 180) (size 1.05 0.95) (layers F.Cu F.Paste F.Mask) (roundrect_rratio 0.25)
      (net 12 "Net-(R7-Pad2)"))
    (pad 1 smd roundrect (at -0.875 0 180) (size 1.05 0.95) (layers F.Cu F.Paste F.Mask) (roundrect_rratio 0.25)
      (net 1 +3V3))
    (model ${KISYS3DMOD}/Resistor_SMD.3dshapes/R_0603_1608Metric.wrl
      (at (xyz 0 0 0))
      (scale (xyz 1 1 1))
      (rotate (xyz 0 0 0))
    )
  )

  (module Resistor_SMD:R_0603_1608Metric_Pad1.05x0.95mm_HandSolder (layer F.Cu) (tedit 5B301BBD) (tstamp 5BCF95C9)
    (at 207.45 54.575 270)
    (descr "Resistor SMD 0603 (1608 Metric), square (rectangular) end terminal, IPC_7351 nominal with elongated pad for handsoldering. (Body size source: http://www.tortai-tech.com/upload/download/2011102023233369053.pdf), generated with kicad-footprint-generator")
    (tags "resistor handsolder")
    (path /5BAC016F)
    (attr smd)
    (fp_text reference R8 (at 0 -1.43 270) (layer F.SilkS)
      (effects (font (size 1 1) (thickness 0.15)))
    )
    (fp_text value R_Small (at 0 1.43 270) (layer F.Fab)
      (effects (font (size 1 1) (thickness 0.15)))
    )
    (fp_line (start -0.8 0.4) (end -0.8 -0.4) (layer F.Fab) (width 0.1))
    (fp_line (start -0.8 -0.4) (end 0.8 -0.4) (layer F.Fab) (width 0.1))
    (fp_line (start 0.8 -0.4) (end 0.8 0.4) (layer F.Fab) (width 0.1))
    (fp_line (start 0.8 0.4) (end -0.8 0.4) (layer F.Fab) (width 0.1))
    (fp_line (start -0.171267 -0.51) (end 0.171267 -0.51) (layer F.SilkS) (width 0.12))
    (fp_line (start -0.171267 0.51) (end 0.171267 0.51) (layer F.SilkS) (width 0.12))
    (fp_line (start -1.65 0.73) (end -1.65 -0.73) (layer F.CrtYd) (width 0.05))
    (fp_line (start -1.65 -0.73) (end 1.65 -0.73) (layer F.CrtYd) (width 0.05))
    (fp_line (start 1.65 -0.73) (end 1.65 0.73) (layer F.CrtYd) (width 0.05))
    (fp_line (start 1.65 0.73) (end -1.65 0.73) (layer F.CrtYd) (width 0.05))
    (fp_text user %R (at 0 0 270) (layer F.Fab)
      (effects (font (size 0.4 0.4) (thickness 0.06)))
    )
    (pad 1 smd roundrect (at -0.875 0 270) (size 1.05 0.95) (layers F.Cu F.Paste F.Mask) (roundrect_rratio 0.25)
      (net 1 +3V3))
    (pad 2 smd roundrect (at 0.875 0 270) (size 1.05 0.95) (layers F.Cu F.Paste F.Mask) (roundrect_rratio 0.25)
      (net 13 "Net-(R8-Pad2)"))
    (model ${KISYS3DMOD}/Resistor_SMD.3dshapes/R_0603_1608Metric.wrl
      (at (xyz 0 0 0))
      (scale (xyz 1 1 1))
      (rotate (xyz 0 0 0))
    )
  )

  (module omron-B3F-40xx:B3F-4050 (layer F.Cu) (tedit 5BAFA591) (tstamp 5BCF95DB)
    (at 71.67 59.8 180)
    (path /5BABFDA6)
    (fp_text reference ON/OFF (at 0.5 7.25 180) (layer F.SilkS)
      (effects (font (size 1 1) (thickness 0.15)))
    )
    (fp_text value SW_Push_Dual (at 0 -0.5 180) (layer F.Fab)
      (effects (font (size 1 1) (thickness 0.15)))
    )
    (fp_line (start -5 -6) (end 5.25 -6) (layer F.SilkS) (width 0.15))
    (fp_line (start 6 -5.5) (end 6 -4.25) (layer F.SilkS) (width 0.15))
    (fp_line (start 4.75 6) (end -5 6) (layer F.SilkS) (width 0.15))
    (fp_line (start 6 -1) (end 6 1) (layer F.SilkS) (width 0.15))
    (fp_line (start 6 4) (end 6 5.25) (layer F.SilkS) (width 0.15))
    (fp_line (start -5.75 -5.5) (end -5.75 -4.25) (layer F.SilkS) (width 0.15))
    (fp_line (start -5.75 -1) (end -5.75 1) (layer F.SilkS) (width 0.15))
    (fp_line (start -5.75 4) (end -5.75 5.25) (layer F.SilkS) (width 0.15))
    (pad 1 thru_hole circle (at -6.25 -2.5 180) (size 2 2) (drill 1.2) (layers *.Cu *.Mask)
      (net 2 GND))
    (pad 2 thru_hole circle (at -6.25 2.5 180) (size 2 2) (drill 1.2) (layers *.Cu *.Mask)
      (net 6 "Net-(R1-Pad2)"))
    (pad 3 thru_hole circle (at 6.25 -2.5 180) (size 2 2) (drill 1.2) (layers *.Cu *.Mask)
      (net 2 GND))
    (pad 4 thru_hole circle (at 6.25 2.5 180) (size 2 2) (drill 1.2) (layers *.Cu *.Mask)
      (net 6 "Net-(R1-Pad2)"))
    (pad "" np_thru_hole circle (at 0 4.5 180) (size 1.8 1.8) (drill 1.8) (layers *.Cu *.Mask))
    (pad "" np_thru_hole circle (at 0 -4.5 180) (size 1.8 1.8) (drill 1.8) (layers *.Cu *.Mask))
  )

  (module omron-B3F-40xx:B3F-4050 (layer F.Cu) (tedit 5BAFA59F) (tstamp 5BCF95ED)
    (at 89.948571 59.8 180)
    (path /5BABFE04)
    (fp_text reference SET (at 0.5 7.25 180) (layer F.SilkS)
      (effects (font (size 1 1) (thickness 0.15)))
    )
    (fp_text value SW_Push_Dual (at 0 -0.5 180) (layer F.Fab)
      (effects (font (size 1 1) (thickness 0.15)))
    )
    (fp_line (start -5.75 4) (end -5.75 5.25) (layer F.SilkS) (width 0.15))
    (fp_line (start -5.75 -1) (end -5.75 1) (layer F.SilkS) (width 0.15))
    (fp_line (start -5.75 -5.5) (end -5.75 -4.25) (layer F.SilkS) (width 0.15))
    (fp_line (start 6 4) (end 6 5.25) (layer F.SilkS) (width 0.15))
    (fp_line (start 6 -1) (end 6 1) (layer F.SilkS) (width 0.15))
    (fp_line (start 4.75 6) (end -5 6) (layer F.SilkS) (width 0.15))
    (fp_line (start 6 -5.5) (end 6 -4.25) (layer F.SilkS) (width 0.15))
    (fp_line (start -5 -6) (end 5.25 -6) (layer F.SilkS) (width 0.15))
    (pad "" np_thru_hole circle (at 0 -4.5 180) (size 1.8 1.8) (drill 1.8) (layers *.Cu *.Mask))
    (pad "" np_thru_hole circle (at 0 4.5 180) (size 1.8 1.8) (drill 1.8) (layers *.Cu *.Mask))
    (pad 4 thru_hole circle (at 6.25 2.5 180) (size 2 2) (drill 1.2) (layers *.Cu *.Mask)
      (net 7 "Net-(R2-Pad2)"))
    (pad 3 thru_hole circle (at 6.25 -2.5 180) (size 2 2) (drill 1.2) (layers *.Cu *.Mask)
      (net 2 GND))
    (pad 2 thru_hole circle (at -6.25 2.5 180) (size 2 2) (drill 1.2) (layers *.Cu *.Mask)
      (net 7 "Net-(R2-Pad2)"))
    (pad 1 thru_hole circle (at -6.25 -2.5 180) (size 2 2) (drill 1.2) (layers *.Cu *.Mask)
      (net 2 GND))
  )

  (module omron-B3F-40xx:B3F-4050 (layer F.Cu) (tedit 5BAFA5B6) (tstamp 5BCF9A58)
    (at 108.227142 59.8 180)
    (path /5BABFE53)
    (fp_text reference PGUP (at 0.5 7.25 180) (layer F.SilkS)
      (effects (font (size 1 1) (thickness 0.15)))
    )
    (fp_text value SW_Push_Dual (at 0 -0.5 180) (layer F.Fab)
      (effects (font (size 1 1) (thickness 0.15)))
    )
    (fp_line (start -5 -6) (end 5.25 -6) (layer F.SilkS) (width 0.15))
    (fp_line (start 6 -5.5) (end 6 -4.25) (layer F.SilkS) (width 0.15))
    (fp_line (start 4.75 6) (end -5 6) (layer F.SilkS) (width 0.15))
    (fp_line (start 6 -1) (end 6 1) (layer F.SilkS) (width 0.15))
    (fp_line (start 6 4) (end 6 5.25) (layer F.SilkS) (width 0.15))
    (fp_line (start -5.75 -5.5) (end -5.75 -4.25) (layer F.SilkS) (width 0.15))
    (fp_line (start -5.75 -1) (end -5.75 1) (layer F.SilkS) (width 0.15))
    (fp_line (start -5.75 4) (end -5.75 5.25) (layer F.SilkS) (width 0.15))
    (pad 1 thru_hole circle (at -6.25 -2.5 180) (size 2 2) (drill 1.2) (layers *.Cu *.Mask)
      (net 2 GND))
    (pad 2 thru_hole circle (at -6.25 2.5 180) (size 2 2) (drill 1.2) (layers *.Cu *.Mask)
      (net 8 "Net-(R3-Pad2)"))
    (pad 3 thru_hole circle (at 6.25 -2.5 180) (size 2 2) (drill 1.2) (layers *.Cu *.Mask)
      (net 2 GND))
    (pad 4 thru_hole circle (at 6.25 2.5 180) (size 2 2) (drill 1.2) (layers *.Cu *.Mask)
      (net 8 "Net-(R3-Pad2)"))
    (pad "" np_thru_hole circle (at 0 4.5 180) (size 1.8 1.8) (drill 1.8) (layers *.Cu *.Mask))
    (pad "" np_thru_hole circle (at 0 -4.5 180) (size 1.8 1.8) (drill 1.8) (layers *.Cu *.Mask))
  )

  (module omron-B3F-40xx:B3F-4050 (layer F.Cu) (tedit 5BAFA5BA) (tstamp 5BCF9A02)
    (at 126.505713 59.8 180)
    (path /5BABFE75)
    (fp_text reference PGDN (at 0.5 7.25 180) (layer F.SilkS)
      (effects (font (size 1 1) (thickness 0.15)))
    )
    (fp_text value SW_Push_Dual (at 0 -0.5 180) (layer F.Fab)
      (effects (font (size 1 1) (thickness 0.15)))
    )
    (fp_line (start -5.75 4) (end -5.75 5.25) (layer F.SilkS) (width 0.15))
    (fp_line (start -5.75 -1) (end -5.75 1) (layer F.SilkS) (width 0.15))
    (fp_line (start -5.75 -5.5) (end -5.75 -4.25) (layer F.SilkS) (width 0.15))
    (fp_line (start 6 4) (end 6 5.25) (layer F.SilkS) (width 0.15))
    (fp_line (start 6 -1) (end 6 1) (layer F.SilkS) (width 0.15))
    (fp_line (start 4.75 6) (end -5 6) (layer F.SilkS) (width 0.15))
    (fp_line (start 6 -5.5) (end 6 -4.25) (layer F.SilkS) (width 0.15))
    (fp_line (start -5 -6) (end 5.25 -6) (layer F.SilkS) (width 0.15))
    (pad "" np_thru_hole circle (at 0 -4.5 180) (size 1.8 1.8) (drill 1.8) (layers *.Cu *.Mask))
    (pad "" np_thru_hole circle (at 0 4.5 180) (size 1.8 1.8) (drill 1.8) (layers *.Cu *.Mask))
    (pad 4 thru_hole circle (at 6.25 2.5 180) (size 2 2) (drill 1.2) (layers *.Cu *.Mask)
      (net 9 "Net-(R4-Pad2)"))
    (pad 3 thru_hole circle (at 6.25 -2.5 180) (size 2 2) (drill 1.2) (layers *.Cu *.Mask)
      (net 2 GND))
    (pad 2 thru_hole circle (at -6.25 2.5 180) (size 2 2) (drill 1.2) (layers *.Cu *.Mask)
      (net 9 "Net-(R4-Pad2)"))
    (pad 1 thru_hole circle (at -6.25 -2.5 180) (size 2 2) (drill 1.2) (layers *.Cu *.Mask)
      (net 2 GND))
  )

  (module omron-B3F-40xx:B3F-4050 (layer F.Cu) (tedit 5BAFA5F6) (tstamp 5BCF9623)
    (at 144.784284 59.8 180)
    (path /5BABFEA5)
    (fp_text reference DISP1 (at 0.5 7.25 180) (layer F.SilkS)
      (effects (font (size 1 1) (thickness 0.15)))
    )
    (fp_text value SW_Push_Dual (at 0 -0.5 180) (layer F.Fab)
      (effects (font (size 1 1) (thickness 0.15)))
    )
    (fp_line (start -5 -6) (end 5.25 -6) (layer F.SilkS) (width 0.15))
    (fp_line (start 6 -5.5) (end 6 -4.25) (layer F.SilkS) (width 0.15))
    (fp_line (start 4.75 6) (end -5 6) (layer F.SilkS) (width 0.15))
    (fp_line (start 6 -1) (end 6 1) (layer F.SilkS) (width 0.15))
    (fp_line (start 6 4) (end 6 5.25) (layer F.SilkS) (width 0.15))
    (fp_line (start -5.75 -5.5) (end -5.75 -4.25) (layer F.SilkS) (width 0.15))
    (fp_line (start -5.75 -1) (end -5.75 1) (layer F.SilkS) (width 0.15))
    (fp_line (start -5.75 4) (end -5.75 5.25) (layer F.SilkS) (width 0.15))
    (pad 1 thru_hole circle (at -6.25 -2.5 180) (size 2 2) (drill 1.2) (layers *.Cu *.Mask)
      (net 2 GND))
    (pad 2 thru_hole circle (at -6.25 2.5 180) (size 2 2) (drill 1.2) (layers *.Cu *.Mask)
      (net 10 "Net-(R5-Pad2)"))
    (pad 3 thru_hole circle (at 6.25 -2.5 180) (size 2 2) (drill 1.2) (layers *.Cu *.Mask)
      (net 2 GND))
    (pad 4 thru_hole circle (at 6.25 2.5 180) (size 2 2) (drill 1.2) (layers *.Cu *.Mask)
      (net 10 "Net-(R5-Pad2)"))
    (pad "" np_thru_hole circle (at 0 4.5 180) (size 1.8 1.8) (drill 1.8) (layers *.Cu *.Mask))
    (pad "" np_thru_hole circle (at 0 -4.5 180) (size 1.8 1.8) (drill 1.8) (layers *.Cu *.Mask))
  )

  (module omron-B3F-40xx:B3F-4050 (layer F.Cu) (tedit 5BAFA5FA) (tstamp 5BCF9635)
    (at 163.062855 59.8 180)
    (path /5BABFED4)
    (fp_text reference DISP2 (at 0.5 7.25 180) (layer F.SilkS)
      (effects (font (size 1 1) (thickness 0.15)))
    )
    (fp_text value SW_Push_Dual (at 0 -0.5 180) (layer F.Fab)
      (effects (font (size 1 1) (thickness 0.15)))
    )
    (fp_line (start -5.75 4) (end -5.75 5.25) (layer F.SilkS) (width 0.15))
    (fp_line (start -5.75 -1) (end -5.75 1) (layer F.SilkS) (width 0.15))
    (fp_line (start -5.75 -5.5) (end -5.75 -4.25) (layer F.SilkS) (width 0.15))
    (fp_line (start 6 4) (end 6 5.25) (layer F.SilkS) (width 0.15))
    (fp_line (start 6 -1) (end 6 1) (layer F.SilkS) (width 0.15))
    (fp_line (start 4.75 6) (end -5 6) (layer F.SilkS) (width 0.15))
    (fp_line (start 6 -5.5) (end 6 -4.25) (layer F.SilkS) (width 0.15))
    (fp_line (start -5 -6) (end 5.25 -6) (layer F.SilkS) (width 0.15))
    (pad "" np_thru_hole circle (at 0 -4.5 180) (size 1.8 1.8) (drill 1.8) (layers *.Cu *.Mask))
    (pad "" np_thru_hole circle (at 0 4.5 180) (size 1.8 1.8) (drill 1.8) (layers *.Cu *.Mask))
    (pad 4 thru_hole circle (at 6.25 2.5 180) (size 2 2) (drill 1.2) (layers *.Cu *.Mask)
      (net 11 "Net-(R6-Pad2)"))
    (pad 3 thru_hole circle (at 6.25 -2.5 180) (size 2 2) (drill 1.2) (layers *.Cu *.Mask)
      (net 2 GND))
    (pad 2 thru_hole circle (at -6.25 2.5 180) (size 2 2) (drill 1.2) (layers *.Cu *.Mask)
      (net 11 "Net-(R6-Pad2)"))
    (pad 1 thru_hole circle (at -6.25 -2.5 180) (size 2 2) (drill 1.2) (layers *.Cu *.Mask)
      (net 2 GND))
  )

  (module omron-B3F-40xx:B3F-4050 (layer F.Cu) (tedit 5BAFA5D2) (tstamp 5BCF9647)
    (at 181.341426 59.8 180)
    (path /5BABFF03)
    (fp_text reference VOL- (at 0.5 7.25 180) (layer F.SilkS)
      (effects (font (size 1 1) (thickness 0.15)))
    )
    (fp_text value SW_Push_Dual (at 0 -0.5 180) (layer F.Fab)
      (effects (font (size 1 1) (thickness 0.15)))
    )
    (fp_line (start -5 -6) (end 5.25 -6) (layer F.SilkS) (width 0.15))
    (fp_line (start 6 -5.5) (end 6 -4.25) (layer F.SilkS) (width 0.15))
    (fp_line (start 4.75 6) (end -5 6) (layer F.SilkS) (width 0.15))
    (fp_line (start 6 -1) (end 6 1) (layer F.SilkS) (width 0.15))
    (fp_line (start 6 4) (end 6 5.25) (layer F.SilkS) (width 0.15))
    (fp_line (start -5.75 -5.5) (end -5.75 -4.25) (layer F.SilkS) (width 0.15))
    (fp_line (start -5.75 -1) (end -5.75 1) (layer F.SilkS) (width 0.15))
    (fp_line (start -5.75 4) (end -5.75 5.25) (layer F.SilkS) (width 0.15))
    (pad 1 thru_hole circle (at -6.25 -2.5 180) (size 2 2) (drill 1.2) (layers *.Cu *.Mask)
      (net 2 GND))
    (pad 2 thru_hole circle (at -6.25 2.5 180) (size 2 2) (drill 1.2) (layers *.Cu *.Mask)
      (net 12 "Net-(R7-Pad2)"))
    (pad 3 thru_hole circle (at 6.25 -2.5 180) (size 2 2) (drill 1.2) (layers *.Cu *.Mask)
      (net 2 GND))
    (pad 4 thru_hole circle (at 6.25 2.5 180) (size 2 2) (drill 1.2) (layers *.Cu *.Mask)
      (net 12 "Net-(R7-Pad2)"))
    (pad "" np_thru_hole circle (at 0 4.5 180) (size 1.8 1.8) (drill 1.8) (layers *.Cu *.Mask))
    (pad "" np_thru_hole circle (at 0 -4.5 180) (size 1.8 1.8) (drill 1.8) (layers *.Cu *.Mask))
  )

  (module omron-B3F-40xx:B3F-4050 (layer F.Cu) (tedit 5BAFA5D8) (tstamp 5BCF9659)
    (at 199.62 59.8 180)
    (path /5BABFF2D)
    (fp_text reference VOL+ (at 0.5 7.25 180) (layer F.SilkS)
      (effects (font (size 1 1) (thickness 0.15)))
    )
    (fp_text value SW_Push_Dual (at 0 -0.5 180) (layer F.Fab)
      (effects (font (size 1 1) (thickness 0.15)))
    )
    (fp_line (start -5.75 4) (end -5.75 5.25) (layer F.SilkS) (width 0.15))
    (fp_line (start -5.75 -1) (end -5.75 1) (layer F.SilkS) (width 0.15))
    (fp_line (start -5.75 -5.5) (end -5.75 -4.25) (layer F.SilkS) (width 0.15))
    (fp_line (start 6 4) (end 6 5.25) (layer F.SilkS) (width 0.15))
    (fp_line (start 6 -1) (end 6 1) (layer F.SilkS) (width 0.15))
    (fp_line (start 4.75 6) (end -5 6) (layer F.SilkS) (width 0.15))
    (fp_line (start 6 -5.5) (end 6 -4.25) (layer F.SilkS) (width 0.15))
    (fp_line (start -5 -6) (end 5.25 -6) (layer F.SilkS) (width 0.15))
    (pad "" np_thru_hole circle (at 0 -4.5 180) (size 1.8 1.8) (drill 1.8) (layers *.Cu *.Mask))
    (pad "" np_thru_hole circle (at 0 4.5 180) (size 1.8 1.8) (drill 1.8) (layers *.Cu *.Mask))
    (pad 4 thru_hole circle (at 6.25 2.5 180) (size 2 2) (drill 1.2) (layers *.Cu *.Mask)
      (net 13 "Net-(R8-Pad2)"))
    (pad 3 thru_hole circle (at 6.25 -2.5 180) (size 2 2) (drill 1.2) (layers *.Cu *.Mask)
      (net 2 GND))
    (pad 2 thru_hole circle (at -6.25 2.5 180) (size 2 2) (drill 1.2) (layers *.Cu *.Mask)
      (net 13 "Net-(R8-Pad2)"))
